,Label,Final Pb206/U238,Final Pb206/U238 age,Final Pb207/U235,Final Pb207/U235 age,Final Pb207/Pb206,Final Pb207/Pb206 age,2s Final Pb206/U238,2s Final Pb206/U238 age,2s Final Pb207/U235,2s Final Pb207/U235 age,2s Final Pb207/Pb206,2s Final Pb207/Pb206 age,Accepted Age,Accepted Uncertainty,%Precision
0,Ples,0.05426,340.6,0.3972,339.2,0.05337,340.0,0.00085,5.2,0.007,5.1,0.00047,20.0,338.0,1.0,1.5267175572519083
1,Ples,0.05366,336.9,0.3956,338.1,0.05322,336.0,0.00067,4.1,0.0059,4.3,0.0004,18.0,338.0,1.0,1.2169783318492133
2,Ples,0.05329,334.7,0.3917,335.3,0.05329,336.0,0.00065,4.0,0.0058,4.2,0.00049,21.0,338.0,1.0,1.1951000896325068
3,Ples,0.05233,328.8,0.3796,326.5,0.0528,315.0,0.00066,4.0,0.0057,4.1,0.00047,20.0,338.0,1.0,1.21654501216545
4,Ples,0.05488,344.4,0.4019,342.7,0.05328,337.0,0.00079,4.8,0.0062,4.5,0.00036,15.0,338.0,1.0,1.3937282229965158
5,Ples,0.05451,342.1,0.4023,343.0,0.05344,344.0,0.00082,5.0,0.0067,4.9,0.00042,18.0,338.0,1.0,1.4615609470914936
6,FC1,0.1976,1157.0,2.012,1109.0,0.07417,1043.0,0.0092,49.0,0.095,31.0,0.0009,25.0,1098.0,1.5,2.3969319271332696
7,91500,0.239,1369.0,2.46,1242.0,0.0746,1055.0,0.016,80.0,0.16,48.0,0.0012,32.0,1062.5,2.5,3.033175355450237
8,9453,0.0085,54.6,0.0563,55.5,0.0485,509.0,0.0002,1.3,0.0028,2.7,0.0023,81.0,55.5,1.5,2.380952380952381
9,Oracle,0.2616,1496.0,3.218,1458.0,0.08938,1412.0,0.0056,28.0,0.071,17.0,0.0005,10.0,1436.0,2.0,0.708215297450425
10,Temora2,0.0669,417.6,0.513,419.8,0.05528,422.0,0.0012,7.0,0.012,7.7,0.00051,22.0,419.0,1.0,1.6762452107279693
11,TANBR,0.4786,2518.0,10.8,2502.0,0.16377,2493.8,0.0079,34.0,0.18,15.0,0.00054,5.5,2514.0,,0.22054695645200095
12,OG1,0.726,3508.0,29.69,3471.0,0.2976,3457.5,0.019,69.0,0.74,25.0,0.001,5.5,3465.0,3.5,0.15907447577729572
13,FC1,0.1906,1120.0,1.969,1094.0,0.07473,1053.0,0.008,43.0,0.087,30.0,0.00096,26.0,1098.0,1.5,2.4691358024691357
14,91500,0.1894,1115.0,1.984,1099.0,0.07479,1060.0,0.0065,35.0,0.079,25.0,0.00079,21.0,1062.5,2.5,1.9811320754716981
15,9453,0.00883,56.7,0.0527,51.9,0.044,560.0,0.00036,2.3,0.0045,4.3,0.0036,110.0,55.5,1.5,4.056437389770723
16,Oracle,0.2541,1458.0,3.153,1444.0,0.09002,1424.0,0.0048,25.0,0.066,16.0,0.00048,10.0,1436.0,2.0,0.7022471910112359
17,Temora2,0.0663,413.7,0.501,411.2,0.0547,397.0,0.0014,8.7,0.012,7.8,0.00067,27.0,419.0,1.0,2.1029731689630164
18,Temora2,0.0667,416.0,0.506,414.7,0.05486,403.0,0.0014,8.5,0.012,8.0,0.00055,22.0,419.0,1.0,2.043269230769231
19,TANBR,0.473,2492.0,10.42,2481.0,0.16376,2493.6,0.011,48.0,0.31,25.0,0.00062,6.4,2514.0,,0.25665704202759065
20,OG1,0.708,3439.0,29.09,3444.0,0.2973,3455.9,0.018,68.0,0.78,26.0,0.001,5.1,3465.0,3.5,0.14757371451720244
21,9453,0.00894,57.4,0.0545,53.3,0.0442,780.0,0.00033,2.1,0.0059,5.7,0.0045,140.0,55.5,1.5,3.6585365853658542
22,91500,0.1928,1134.0,1.973,1098.0,0.07407,1037.0,0.0071,38.0,0.076,25.0,0.00092,25.0,1062.5,2.5,2.4108003857280615
23,9453,0.00908,58.2,0.0582,57.0,0.0455,720.0,0.00034,2.2,0.0055,5.2,0.0038,120.0,55.5,1.5,3.780068728522337
24,Oracle,0.2556,1465.0,3.14,1436.0,0.08934,1409.0,0.0064,33.0,0.08,20.0,0.00053,11.0,1436.0,2.0,0.7806955287437899
25,Temora2,0.0658,410.0,0.494,406.0,0.05472,413.0,0.002,12.0,0.015,10.0,0.00086,32.0,419.0,1.0,2.9268292682926833
27,OG1,0.744,3569.0,30.58,3497.0,0.2984,3460.8,0.023,83.0,0.97,32.0,0.0012,6.2,3465.0,3.5,0.17914932963476654
28,91500,0.1913,1135.0,1.987,1107.0,0.07467,1052.0,0.0099,50.0,0.097,32.0,0.00091,25.0,1062.5,2.5,2.376425855513308
29,9453,0.00894,57.3,0.0511,49.6,0.0417,990.0,0.0005,3.2,0.0076,7.3,0.0062,160.0,55.5,1.5,5.584642233856894
30,Oracle,0.262,1494.0,3.27,1461.0,0.09048,1436.0,0.011,57.0,0.15,35.0,0.00097,20.0,1436.0,2.0,1.392757660167131
31,Temora2,0.0694,432.2,0.526,429.0,0.05494,410.0,0.0016,9.8,0.013,8.2,0.00058,26.0,419.0,1.0,2.267468764460898
32,TANBR,0.476,2501.0,10.8,2496.0,0.16507,2506.7,0.014,60.0,0.33,28.0,0.00082,8.4,2514.0,,0.33510192683607937
33,OG1,0.773,3675.0,31.78,3534.0,0.2983,3460.3,0.024,87.0,0.99,32.0,0.0012,6.2,3465.0,3.5,0.17917521602173223
34,Oracle,0.2481,1427.0,3.1,1429.0,0.09063,1437.5,0.0043,22.0,0.054,13.0,0.00032,6.8,1436.0,2.0,0.4730434782608695
35,91500,0.185,1089.0,1.89,1075.0,0.0747,1050.0,0.01,56.0,0.13,42.0,0.0018,48.0,1062.5,2.5,4.571428571428571
36,9453,0.00881,56.5,0.0577,56.6,0.0483,660.0,0.00029,1.8,0.0046,4.4,0.0039,110.0,55.5,1.5,3.185840707964602
37,Oracle,0.2516,1444.0,3.13,1439.0,0.09021,1427.0,0.0079,40.0,0.11,27.0,0.00082,17.0,1436.0,2.0,1.1913104414856344
38,Temora2,0.0683,425.6,0.52,423.9,0.05522,414.0,0.0016,9.7,0.013,9.0,0.00073,29.0,419.0,1.0,2.2791353383458643
39,TANBR,0.506,2633.0,11.54,2560.0,0.16538,2511.0,0.011,47.0,0.26,21.0,0.00063,6.2,2514.0,,0.24691358024691357
40,OG1,0.738,3548.0,30.33,3483.0,0.2986,3462.9,0.022,80.0,0.89,29.0,0.0011,5.5,3465.0,3.5,0.15882641716480406
41,Temora2,0.0684,426.0,0.511,420.0,0.05524,427.0,0.0021,13.0,0.017,11.0,0.00095,35.0,419.0,1.0,3.051643192488263
