,Label,Final Pb206/U238,Final Pb206/U238 age,Final Pb207/U235,Final Pb207/U235 age,Final Pb207/Pb206,Final Pb207/Pb206 age,2s Final Pb206/U238,2s Final Pb206/U238 age,2s Final Pb207/U235,2s Final Pb207/U235 age,2s Final Pb207/Pb206,2s Final Pb207/Pb206 age,Accepted Age,Accepted Uncertainty,%Precision
0,Ples,0.05386,338.2,0.3957,338.4,0.0533,339.0,0.00045,2.8,0.004,2.9,0.00032,14.0,338.0,1.0,0.8279124778237729
1,Ples,0.05286,332.1,0.3868,331.9,0.05301,326.0,0.00051,3.1,0.0046,3.3,0.00037,16.0,338.0,1.0,0.9334537789822341
2,Ples,0.05362,336.7,0.3927,336.2,0.05329,338.0,0.00057,3.5,0.0043,3.2,0.00036,15.0,338.0,1.0,1.0395010395010396
3,Ples,0.05463,342.8,0.4015,342.6,0.05334,341.0,0.00067,4.1,0.0053,3.8,0.00031,13.0,338.0,1.0,1.1960326721120185
4,FC1,0.1949,1147.0,2.024,1119.0,0.07535,1074.0,0.0059,32.0,0.064,21.0,0.0008,21.0,1098.0,1.5,1.9553072625698324
5,91500,0.18,1066.0,1.829,1053.0,0.07458,1058.0,0.0056,31.0,0.055,20.0,0.00079,20.0,1062.5,2.5,1.890359168241966
6,9453,0.00885,56.8,0.0659,64.7,0.0551,519.0,0.00021,1.3,0.0033,3.1,0.0025,77.0,55.5,1.5,2.2887323943661975
7,Oracle,0.2505,1440.0,3.115,1438.0,0.09118,1449.0,0.0058,30.0,0.065,18.0,0.00058,12.0,1436.0,2.0,0.8281573498964804
8,OG1,0.715,3474.0,29.21,3456.0,0.2978,3458.1,0.017,64.0,0.72,24.0,0.0013,6.8,3465.0,3.5,0.19663977328590845
9,FC1,0.184,1087.0,1.865,1071.0,0.07472,1058.0,0.0073,39.0,0.067,26.0,0.00092,24.0,1098.0,1.5,2.2684310018903595
10,9453,0.00906,58.1,0.0599,58.8,0.0486,564.0,0.00032,2.0,0.0042,4.0,0.0031,91.0,55.5,1.5,3.4423407917383817
11,Oracle,0.2484,1429.0,3.047,1418.0,0.08947,1412.8,0.0048,25.0,0.057,14.0,0.00045,9.7,1436.0,2.0,0.6865798414496036
12,TANBR,0.475,2501.0,10.74,2497.0,0.16416,2497.9,0.01,45.0,0.23,20.0,0.00058,5.9,2514.0,,0.23619840666159578
13,OG1,0.725,3510.0,29.8,3480.0,0.2985,3461.8,0.017,63.0,0.76,26.0,0.0011,5.8,3465.0,3.5,0.16754289675891154
14,Oracle,0.2493,1434.0,3.093,1429.0,0.09044,1433.7,0.0041,21.0,0.051,12.0,0.00036,7.6,1436.0,2.0,0.5300969519425264
15,91500,0.1912,1126.0,1.88,1078.0,0.07389,1035.0,0.0078,41.0,0.1,31.0,0.00081,22.0,1062.5,2.5,2.1256038647342996
16,9453,0.00835,53.6,0.0537,53.1,0.0485,425.0,0.0003,1.9,0.0029,2.8,0.0026,81.0,55.5,1.5,3.544776119402985
17,Oracle,0.258,1478.0,3.209,1460.0,0.09113,1448.0,0.0059,30.0,0.067,17.0,0.00054,11.0,1436.0,2.0,0.7596685082872928
18,Temora2,0.0694,432.3,0.524,426.8,0.05512,413.0,0.0015,9.0,0.011,7.5,0.0005,21.0,419.0,1.0,2.081887578070784
19,TANBR,0.4736,2504.0,10.66,2492.0,0.1635,2492.5,0.0076,36.0,0.2,17.0,0.00066,7.3,2514.0,,0.2928786359077232
20,OG1,0.748,3595.0,30.3,3492.0,0.295,3443.2,0.017,62.0,0.69,22.0,0.0013,6.7,3465.0,3.5,0.19458643122676583
21,Temora2,0.0673,419.9,0.513,419.7,0.05536,431.0,0.0016,9.9,0.013,8.7,0.00083,33.0,419.0,1.0,2.357704215289355
